v 3.395415 2.469256 1.282373
v 3.722721 3.355898 1.282373
v 4.295415 3.640769 1.282373
v 3.395415 2.469257 0.682374
v 3.722721 3.255899 0.642374
v 4.295415 3.440769 0.482374
v 4.295415 2.469256 0.282374
v 4.895415 2.455013 0.482374
v 4.853570 3.184386 0.742373
v 4.995415 2.455013 1.282373
v 4.953570 3.284386 1.282374
v 4.895415 1.483795 1.082373
v 4.895415 1.483795 0.602374
v 4.095415 1.569256 0.482373
v 3.495415 1.569256 0.602373
v 3.495415 1.569256 1.082373
v 3.395415 0.669256 1.082373
v 3.395415 0.669256 0.442374
v 4.295415 0.869256 0.282374
v 5.295415 0.869256 0.442374
v 5.295415 0.869256 1.082373
v 5.695415 0.069256 1.082373
v 5.695415 0.069256 0.323508
v 4.795415 -0.130744 0.282373
v 3.795415 -0.230744 0.315670
v 3.795415 -0.230744 1.082373
v 4.395415 -1.130744 1.082373
v 5.295415 -1.330744 1.082373
v 4.395415 -1.130744 0.513277
v 5.295415 -1.186692 0.522373
v 5.695415 -0.730744 0.436500
v 5.695415 -0.730744 1.082373
v 5.695415 -0.730744 1.717166
v 5.295415 -1.195593 1.642373
v 4.395415 -1.130744 1.661725
v 3.795415 -0.230744 1.882373
v 4.795415 -0.130744 1.882373
v 5.695415 0.069256 1.857854
v 5.295415 0.869256 1.722373
v 4.295415 0.869256 1.882373
v 3.395415 0.669256 1.722373
v 3.495415 1.569256 1.562373
v 4.095415 1.569256 1.682373
v 4.895415 1.483795 1.562373
v 4.853570 3.184386 1.822374
v 4.895415 2.455013 2.082373
v 4.295415 2.469256 2.282373
v 4.295415 3.440769 2.082373
v 3.722721 3.255898 1.922373
v 3.395415 2.469256 1.882373
f 4 5 6 7
uv 0.933527 0.315760 0.864123 0.207404 0.941758 0.254566 0.991997 0.396455
f 1 2 5 4
uv 0.807731 0.258742 0.747789 0.159017 0.864123 0.207404 0.933527 0.315760
f 2 3 6 5
uv 0.747789 0.159017 0.815704 0.134747 0.941758 0.254566 0.864123 0.207404
f 3 11 9 6
uv 0.250127 0.139295 0.250088 0.196634 0.192634 0.205581 0.158768 0.163646
f 6 9 8 7
uv 0.158768 0.163646 0.192634 0.205581 0.161545 0.302772 0.058815 0.263802
f 11 10 8 9
uv 0.250088 0.196634 0.254061 0.302101 0.161545 0.302772 0.192634 0.205581
f 8 13 14 7
uv 0.161545 0.302772 0.130950 0.414985 0.031058 0.393697 0.058815 0.263802
f 10 12 13 8
uv 0.254061 0.302101 0.234202 0.423021 0.130950 0.414985 0.161545 0.302772
f 16 1 4 15
uv 0.865824 0.381897 0.807731 0.258742 0.933527 0.315760 0.935661 0.377343
f 7 14 15 4
uv 0.991997 0.396455 0.982838 0.535479 0.935661 0.377343 0.933527 0.315760
f 14 19 18 15
uv 0.982838 0.535479 0.908429 0.640855 0.807339 0.589655 0.935661 0.377343
f 15 18 17 16
uv 0.935661 0.377343 0.807339 0.589655 0.755414 0.556545 0.865824 0.381897
f 12 21 20 13
uv 0.234202 0.423021 0.277947 0.519289 0.174757 0.526323 0.130950 0.414985
f 13 20 19 14
uv 0.130950 0.414985 0.174757 0.526323 0.073118 0.553971 0.031058 0.393697
f 20 23 24 19
uv 0.174757 0.526323 0.241821 0.616482 0.158560 0.586307 0.073118 0.553971
f 21 22 23 20
uv 0.277947 0.519289 0.310319 0.613254 0.241821 0.616482 0.174757 0.526323
f 18 25 26 17
uv 0.807339 0.589655 0.773442 0.674484 0.711043 0.638872 0.755414 0.556545
f 19 24 25 18
uv 0.908429 0.640855 0.821495 0.769276 0.773442 0.674484 0.807339 0.589655
f 24 30 29 25
uv 0.821495 0.769276 0.682718 0.839933 0.710563 0.745177 0.773442 0.674484
f 25 29 27 26
uv 0.773442 0.674484 0.710563 0.745177 0.663732 0.725194 0.711043 0.638872
f 22 32 31 23
uv 0.310319 0.613254 0.310123 0.691481 0.250227 0.683824 0.241821 0.616482
f 23 31 30 24
uv 0.241821 0.616482 0.250227 0.683824 0.245750 0.746079 0.158560 0.586307
f 28 27 29 30
uv 0.615852 0.812781 0.663732 0.725194 0.710563 0.745177 0.682718 0.839933
f 30 31 32 28
uv 0.245750 0.746079 0.250227 0.683824 0.310123 0.691481 0.309619 0.792971
f 32 33 34 28
uv 0.310123 0.691481 0.369612 0.684679 0.383752 0.773030 0.309619 0.792971
f 22 38 33 32
uv 0.310319 0.613254 0.379705 0.616853 0.369612 0.684679 0.310123 0.691481
f 27 35 36 26
uv 0.663732 0.725194 0.620895 0.696053 0.645296 0.604770 0.711043 0.638872
f 28 34 35 27
uv 0.615852 0.812781 0.556962 0.771545 0.620895 0.696053 0.663732 0.725194
f 26 36 41 17
uv 0.711043 0.638872 0.645296 0.604770 0.699722 0.530813 0.755414 0.556545
f 21 39 38 22
uv 0.277947 0.519289 0.353980 0.526026 0.379705 0.616853 0.310319 0.613254
f 12 44 39 21
uv 0.234202 0.423021 0.322583 0.421228 0.353980 0.526026 0.277947 0.519289
f 17 41 42 16
uv 0.755414 0.556545 0.699722 0.530813 0.812640 0.354463 0.865824 0.381897
f 50 1 16 42
uv 0.725972 0.260850 0.807731 0.258742 0.865824 0.381897 0.812640 0.354463
f 10 46 44 12
uv 0.254061 0.302101 0.338088 0.282495 0.322583 0.421228 0.234202 0.423021
f 11 45 46 10
uv 0.250088 0.196634 0.307207 0.195181 0.338088 0.282495 0.254061 0.302101
f 3 48 45 11
uv 0.250127 0.139295 0.368124 0.129030 0.307207 0.195181 0.250088 0.196634
f 1 50 49 2
uv 0.807731 0.258742 0.725972 0.260850 0.673751 0.172798 0.747789 0.159017
f 2 49 48 3
uv 0.747789 0.159017 0.673751 0.172798 0.659996 0.092104 0.815704 0.134747
f 50 47 48 49
uv 0.725972 0.260850 0.597842 0.264262 0.659996 0.092104 0.673751 0.172798
f 47 46 45 48
uv 0.478982 0.234202 0.338088 0.282495 0.307207 0.195181 0.368124 0.129030
f 47 43 44 46
uv 0.478982 0.234202 0.368515 0.392581 0.322583 0.421228 0.338088 0.282495
f 50 42 43 47
uv 0.725972 0.260850 0.812640 0.354463 0.648684 0.395965 0.597842 0.264262
f 42 41 40 43
uv 0.812640 0.354463 0.699722 0.530813 0.611413 0.479248 0.648684 0.395965
f 43 40 39 44
uv 0.368515 0.392581 0.428515 0.501623 0.353980 0.526026 0.322583 0.421228
f 40 37 38 39
uv 0.428515 0.501623 0.443093 0.642677 0.379705 0.616853 0.353980 0.526026
f 41 36 37 40
uv 0.699722 0.530813 0.645296 0.604770 0.537704 0.616441 0.611413 0.479248
f 36 35 34 37
uv 0.645296 0.604770 0.620895 0.696053 0.556962 0.771545 0.537704 0.616441
f 37 34 33 38
uv 0.443093 0.642677 0.383752 0.773030 0.369612 0.684679 0.379705 0.616853
