v 1.293062 2.694756 0.410118
v 1.585955 2.111744 0.593130
v 1.293062 1.428730 0.776143
v 0.585955 1.145818 0.851950
v -0.121151 1.428731 0.776143
v -0.414045 2.111744 0.593130
v -0.121151 2.694756 0.410118
v 0.585955 2.977670 0.334312
v 1.293062 2.853576 1.376044
v 1.585955 2.370564 1.559056
v 1.293062 1.687550 1.742069
v 0.585955 1.404637 1.817876
v -0.121152 1.687550 1.742069
v -0.414045 2.370564 1.559056
v -0.121150 2.853576 1.376044
v 0.585957 3.136489 1.300237
v 0.585955 2.111744 0.593130
v 0.585955 2.370563 1.559057
f 17 1 2
uv 0.682156 0.684602 0.678434 0.595031 0.741809 0.609481
f 18 10 9
uv 0.844012 0.786677 0.903632 0.711529 0.924984 0.764326
f 17 2 3
uv 0.682156 0.684602 0.741809 0.609481 0.777455 0.673662
f 18 11 10
uv 0.844012 0.786677 0.833044 0.691380 0.903632 0.711529
f 17 3 4
uv 0.682156 0.684602 0.777455 0.673662 0.757280 0.744251
f 18 12 11
uv 0.844012 0.786677 0.768879 0.727038 0.833044 0.691380
f 17 4 5
uv 0.682156 0.684602 0.757280 0.744251 0.693100 0.779901
f 18 13 12
uv 0.844012 0.786677 0.748713 0.797622 0.768879 0.727038
f 17 5 6
uv 0.682156 0.684602 0.693100 0.779901 0.622509 0.759729
f 18 14 13
uv 0.844012 0.786677 0.784356 0.861795 0.748713 0.797622
f 17 6 7
uv 0.682156 0.684602 0.622509 0.759729 0.594073 0.701278
f 18 15 14
uv 0.844012 0.786677 0.840621 0.870608 0.784356 0.861795
f 17 7 8
uv 0.682156 0.684602 0.594073 0.701278 0.614260 0.630692
f 18 16 15
uv 0.844012 0.786677 0.904756 0.834893 0.840621 0.870608
f 8 1 17
uv 0.614260 0.630692 0.678434 0.595031 0.682156 0.684602
f 18 9 16
uv 0.844012 0.786677 0.924984 0.764326 0.904756 0.834893
f 1 9 10 2
uv 0.778277 0.853570 0.714005 0.862049 0.704376 0.849360 0.746038 0.792805
f 2 10 11 3
uv 0.746038 0.792805 0.704376 0.849360 0.683547 0.842463 0.671437 0.781138
f 3 11 12 4
uv 0.671437 0.781138 0.683547 0.842463 0.663927 0.852893 0.619144 0.821146
f 4 12 13 5
uv 0.619144 0.821146 0.663927 0.852893 0.660354 0.874439 0.598871 0.883655
f 5 13 14 6
uv 0.598871 0.883655 0.660354 0.874439 0.673662 0.889947 0.635507 0.949615
f 6 14 15 7
uv 0.635507 0.949615 0.673662 0.889947 0.690408 0.895723 0.704784 0.959285
f 7 15 16 8
uv 0.704784 0.959285 0.690408 0.895723 0.711150 0.884528 0.758409 0.917683
f 9 1 8 16
uv 0.714005 0.862049 0.778277 0.853570 0.758409 0.917683 0.711150 0.884528
