v -1.636367 4.908347 4.278675
v -1.236367 4.215527 4.278675
v -1.774993 3.904552 4.278675
v -2.174994 4.597372 4.278675
v -1.536367 4.735142 5.050187
v -1.336368 4.388732 5.050187
v -1.874993 4.077756 5.050187
v -2.074993 4.424166 5.050187
v -1.774993 3.904552 4.278675
v -2.174994 4.597372 4.278675
v -1.636367 4.908347 4.278675
v -1.236367 4.215527 4.278675
v -1.762658 3.911674 3.734636
v -1.236367 4.215527 3.734636
v -1.636367 4.908347 3.734636
v -2.162658 4.604494 3.734636
v -1.940618 4.732689 2.981488
v -1.540618 4.039868 2.981488
v -1.550018 4.958201 3.066952
v -1.150019 4.265381 3.066952
v -1.150019 4.265381 3.066952
v -1.540618 4.039868 2.981488
v -1.550018 4.958201 3.066952
v -1.940618 4.732689 2.981488
v -1.114013 4.286169 2.053061
v -1.514013 4.978989 2.053061
v -1.162133 5.182146 2.092628
v -0.762134 4.489326 2.092628
v -0.641835 4.558780 1.496426
v -0.245068 4.787854 1.662605
v -0.645068 5.480674 1.662605
v -1.041836 5.251601 1.496426
v -0.342680 5.424318 0.870395
v -0.142680 5.077908 0.870395
v 0.015857 5.631319 1.232257
v 0.215856 5.284909 1.232257
v 0.008812 5.627252 1.817442
v 0.208812 5.280842 1.817442
v -0.037214 5.138799 2.173406
v -0.237214 5.485209 2.173406
v -0.527154 5.086872 2.237440
v -0.993849 4.817425 3.126301
v -0.519726 4.629281 3.734636
v -0.919726 5.322100 3.734636
v -1.022522 5.262751 4.278675
v -0.622522 4.569931 4.278675
v -1.022522 5.262751 4.278675
v -1.176430 4.942953 4.783115
v -0.622522 4.569931 4.278675
v -0.976430 4.596542 4.783115
v -1.016419 4.342514 1.380892
v -0.627849 4.566855 0.965184
v -1.027849 5.259676 0.965184
v -1.416419 5.035335 1.380892
v -1.898925 4.756760 2.053061
v -1.498925 4.063940 2.053061
v -1.900125 3.832306 2.981488
v -2.300125 4.525127 2.981488
v -2.381210 3.554551 3.734636
v -1.900125 3.832306 2.981488
v -2.300125 4.525127 2.981488
v -2.781211 4.247371 3.734636
v -2.756540 4.261616 4.278675
v -2.356540 3.568795 4.278675
v -2.756540 4.261616 4.278675
v -2.450947 4.207109 4.762145
v -2.356540 3.568795 4.278675
v -2.250947 3.860699 4.762145
f 5 8 7 6
uv 0.702179 0.368105 0.702179 0.324163 0.730440 0.324163 0.730440 0.368105
f 2 6 7 3
uv 0.225035 0.491649 0.278070 0.568901 0.217787 0.610288 0.164751 0.533036
f 5 1 4 8
uv 0.356261 0.579251 0.400949 0.496926 0.465191 0.531798 0.420503 0.614123
f 4 1 11 10
uv 0.465191 0.531798 0.400949 0.496926 0.406029 0.488865 0.470275 0.523738
f 2 3 9 12
uv 0.225035 0.491649 0.164751 0.533036 0.159878 0.524844 0.220164 0.483455
f 12 9 13 14
uv 0.220164 0.483455 0.159878 0.524844 0.124476 0.471156 0.184467 0.428822
f 10 11 15 16
uv 0.470275 0.523738 0.406029 0.488865 0.435832 0.430833 0.499883 0.466676
f 16 15 19 17
uv 0.499883 0.466676 0.435832 0.430833 0.469251 0.356725 0.518613 0.375510
f 14 13 18 20
uv 0.184467 0.428822 0.124476 0.471156 0.096342 0.382405 0.143496 0.358572
f 20 18 22 21
uv 0.143496 0.358572 0.096342 0.382405 0.093642 0.376069 0.140796 0.352236
f 17 19 23 24
uv 0.518613 0.375510 0.469251 0.356725 0.472113 0.350465 0.521476 0.369247
f 24 23 27 26
uv 0.521476 0.369247 0.472113 0.350465 0.504038 0.229107 0.546874 0.250969
f 21 22 25 28
uv 0.140796 0.352236 0.093642 0.376069 0.073218 0.256023 0.113555 0.229806
f 28 25 29 30
uv 0.113555 0.229806 0.073218 0.256023 0.086134 0.164674 0.134800 0.144992
f 26 27 31 32
uv 0.546874 0.250969 0.504038 0.229107 0.474078 0.146999 0.529285 0.160995
f 32 31 35 33
uv 0.529285 0.160995 0.474078 0.146999 0.452932 0.061439 0.504089 0.053303
f 30 29 34 36
uv 0.134800 0.144992 0.086134 0.164674 0.101570 0.058103 0.157891 0.054903
f 34 33 35 36
uv 0.903268 0.263729 0.872923 0.263728 0.872923 0.222013 0.903269 0.222014
f 36 35 37 38
uv 0.903269 0.222014 0.872923 0.222013 0.872924 0.177614 0.903270 0.177614
f 30 36 38 39
uv 0.134800 0.144992 0.157891 0.054903 0.203169 0.104004 0.209826 0.155562
f 35 31 40 37
uv 0.452932 0.061439 0.474078 0.146999 0.414989 0.162127 0.419434 0.111775
f 31 27 41 40
uv 0.474078 0.146999 0.504038 0.229107 0.428258 0.214761 0.414989 0.162127
f 28 30 39 41
uv 0.113555 0.229806 0.134800 0.144992 0.209826 0.155562 0.187454 0.207630
f 21 28 41 42
uv 0.140796 0.352236 0.113555 0.229806 0.187454 0.207630 0.200668 0.325801
f 27 23 42 41
uv 0.504038 0.229107 0.472113 0.350465 0.409835 0.330423 0.428258 0.214761
f 14 20 42 43
uv 0.184467 0.428822 0.143496 0.358572 0.199812 0.323619 0.270847 0.380742
f 19 15 44 42
uv 0.469251 0.356725 0.435832 0.430833 0.344948 0.392026 0.409623 0.327839
f 15 11 45 44
uv 0.435832 0.430833 0.406029 0.488865 0.332018 0.454166 0.344948 0.392026
f 12 14 43 46
uv 0.220164 0.483455 0.184467 0.428822 0.270847 0.380742 0.290185 0.441220
f 1 5 48 47
uv 0.400949 0.496926 0.356261 0.579251 0.327272 0.528943 0.328134 0.456459
f 6 2 49 50
uv 0.278070 0.568901 0.225035 0.491649 0.293265 0.443803 0.301672 0.515829
f 5 6 50 48
uv 0.702179 0.368105 0.730440 0.368105 0.730440 0.403010 0.702179 0.403010
f 40 39 38 37
uv 0.872925 0.143062 0.903271 0.143063 0.903270 0.177614 0.872924 0.177614
f 41 39 40
uv 0.888099 0.108560 0.903271 0.143063 0.872925 0.143062
f 44 43 42
uv 0.717982 0.496413 0.787826 0.496413 0.752904 0.556283
f 45 46 43 44
uv 0.717982 0.447799 0.787826 0.447799 0.787826 0.496413 0.717982 0.496413
f 47 48 50 49
uv 0.688049 0.444233 0.702179 0.403010 0.730440 0.403010 0.744571 0.444233
f 34 29 51 52
uv 0.101570 0.058103 0.086134 0.164674 0.054817 0.193345 0.062815 0.118400
f 33 34 52 53
uv 0.872923 0.263728 0.903268 0.263729 0.918441 0.315492 0.857749 0.315491
f 32 33 53 54
uv 0.529285 0.160995 0.504089 0.053303 0.563387 0.109301 0.578649 0.178207
f 26 32 54 55
uv 0.546874 0.250969 0.529285 0.160995 0.578649 0.178207 0.601678 0.283429
f 29 25 56 51
uv 0.086134 0.164674 0.073218 0.256023 0.027920 0.281689 0.054817 0.193345
f 25 22 57 56
uv 0.073218 0.256023 0.093642 0.376069 0.038219 0.403670 0.027920 0.281689
f 24 26 55 58
uv 0.521476 0.369247 0.546874 0.250969 0.601678 0.283429 0.598923 0.413538
f 18 13 59 60
uv 0.096342 0.382405 0.124476 0.471156 0.056178 0.520074 0.041355 0.414140
f 16 17 61 62
uv 0.499883 0.466676 0.518613 0.375510 0.597145 0.419020 0.572878 0.508200
f 10 16 62 63
uv 0.470275 0.523738 0.499883 0.466676 0.572878 0.508200 0.538798 0.562040
f 13 9 64 59
uv 0.124476 0.471156 0.159878 0.524844 0.105294 0.565289 0.056178 0.520074
f 8 4 65 66
uv 0.420503 0.614123 0.465191 0.531798 0.534980 0.568651 0.481594 0.609998
f 3 7 68 67
uv 0.164751 0.533036 0.217787 0.610288 0.156577 0.612547 0.108756 0.572171
f 7 8 66 68
uv 0.730440 0.324163 0.702179 0.324163 0.702179 0.287354 0.730441 0.287354
f 51 54 53 52
uv 0.918441 0.361895 0.857749 0.361895 0.857749 0.315491 0.918441 0.315492
f 56 55 54 51
uv 0.918441 0.428129 0.857749 0.428129 0.857749 0.361895 0.918441 0.361895
f 57 58 55 56
uv 0.918441 0.506845 0.857749 0.506845 0.857749 0.428129 0.918441 0.428129
f 59 62 61 60
uv 0.751935 0.198835 0.682382 0.198835 0.682382 0.117471 0.751935 0.117471
f 64 63 62 59
uv 0.751935 0.246199 0.682382 0.246199 0.682382 0.198835 0.751935 0.198835
f 67 68 66 65
uv 0.744572 0.249299 0.730441 0.287354 0.702179 0.287354 0.688049 0.249299
