v 4.611244 3.744053 -0.087573
v 4.611244 3.344052 -0.582698
v 4.011244 3.344053 -0.687572
v 4.211244 3.867677 -0.487572
v 4.611244 3.966706 0.212428
v 4.711244 3.344052 0.212428
v 4.211244 4.144053 0.212428
v 4.011244 2.644053 -0.735703
v 4.611244 2.644052 -0.787572
v 4.711244 2.644052 0.212428
v 4.611244 1.944052 -0.787572
v 4.011244 1.944053 -0.687572
v 4.711244 1.944052 0.212428
v 4.011243 1.044052 -0.687572
v 4.611243 1.044052 -0.569333
v 4.711243 1.044052 0.212428
v 4.211243 0.475568 -0.215438
v 4.611243 0.622288 -0.116216
v 4.211243 0.244052 0.212427
v 4.611243 0.444052 0.212427
v 3.811243 0.577151 -0.387641
v 3.811243 0.444053 0.212427
v 3.413255 0.711054 0.212428
v 3.413255 0.811410 -0.464838
v 3.311244 1.944053 -0.687572
v 3.311244 2.644053 -0.687572
v 3.411244 3.744053 0.212428
v 3.411244 3.698394 -0.382193
v 3.811245 3.844053 -0.451718
v 3.811244 4.061230 0.212428
v 2.714500 3.161568 -0.121873
v 2.714500 3.244848 0.212428
v 2.716863 1.249329 0.212428
v 2.716863 1.369703 -0.125382
v 2.236454 2.644053 0.059935
v 2.165235 2.644053 0.299350
v 2.284605 1.944053 0.088002
v 2.165235 1.944053 0.291150
v 2.094017 1.944053 1.112428
v 2.094017 2.644053 1.112428
v 2.716863 1.156586 1.112428
v 2.714500 3.363183 1.112428
v 3.811244 4.091540 1.112428
v 3.411244 3.851499 1.112428
v 3.413255 0.628042 1.112428
v 3.811243 0.443252 1.112427
v 4.611243 0.444052 1.112427
v 4.211243 0.244052 1.112427
v 4.711243 1.044052 1.112428
v 4.711244 1.944052 1.112428
v 4.711244 2.644052 1.112428
v 4.211244 4.144052 1.112428
v 4.711244 3.344052 1.112428
v 4.611244 4.044052 1.112428
v 4.611244 3.986980 2.112428
v 4.711244 3.344052 2.112428
v 4.211244 4.089605 2.112428
v 4.711244 2.644052 2.112428
v 4.711244 1.944052 2.112428
v 4.711243 1.044052 2.112428
v 4.211243 0.335236 2.112427
v 4.611243 0.444052 2.112427
v 3.811243 0.444053 2.112427
v 3.413255 0.641582 2.112428
v 3.411244 3.744053 2.112428
v 3.811244 4.044052 2.112428
v 2.714500 3.234249 2.112428
v 2.716863 1.261538 2.112428
v 2.422885 2.644053 2.051295
v 2.409544 1.944053 2.022120
v 2.853274 1.944053 2.731678
v 2.853274 2.644053 2.719286
v 2.938570 1.369702 2.668902
v 2.930332 3.161567 2.664032
v 3.811244 3.844052 2.770733
v 3.411244 3.597348 2.847732
v 3.311244 2.644052 3.112428
v 3.311244 1.944053 3.112428
v 3.438489 0.877946 2.923048
v 3.811243 0.622219 2.852358
v 4.611243 0.644052 2.512427
v 4.211243 0.556686 2.755449
v 4.611243 1.148991 2.995803
v 4.011243 1.044052 3.112428
v 4.011244 1.944052 3.312428
v 4.611243 1.944052 3.140999
v 4.611244 2.644052 3.108904
v 4.011244 2.644052 3.312428
v 4.211244 3.868415 2.712428
v 4.041266 3.344052 3.077796
v 4.611244 3.168135 3.027843
v 4.611244 3.744052 2.512428
f 1 2 3 4
uv 0.406722 0.326316 0.370051 0.315886 0.367618 0.282406 0.397476 0.293714
f 5 1 4 7
uv 0.432748 0.331109 0.406722 0.326316 0.397476 0.293714 0.444176 0.300583
f 2 6 10 9
uv 0.370051 0.315886 0.396259 0.362505 0.342944 0.386073 0.330240 0.315802
f 3 2 9 8
uv 0.367618 0.282406 0.370051 0.315886 0.330240 0.315802 0.328996 0.282695
f 8 9 11 12
uv 0.328996 0.282695 0.330240 0.315802 0.291013 0.317881 0.289552 0.283928
f 9 10 13 11
uv 0.330240 0.315802 0.342944 0.386073 0.284877 0.388389 0.291013 0.317881
f 11 13 16 15
uv 0.291013 0.317881 0.284877 0.388389 0.216761 0.365722 0.240812 0.320182
f 12 11 15 14
uv 0.289552 0.283928 0.291013 0.317881 0.240812 0.320182 0.241134 0.287165
f 14 15 18 17
uv 0.241134 0.287165 0.240812 0.320182 0.206911 0.328151 0.200281 0.302024
f 15 16 20 18
uv 0.240812 0.320182 0.216761 0.365722 0.183869 0.335690 0.206911 0.328151
f 18 20 19 17
uv 0.206911 0.328151 0.183869 0.335690 0.169515 0.308673 0.200281 0.302024
f 17 19 22 21
uv 0.200281 0.302024 0.169515 0.308673 0.169501 0.276043 0.210027 0.277749
f 14 17 21 24
uv 0.241134 0.287165 0.200281 0.302024 0.210027 0.277749 0.222953 0.254681
f 12 14 24 25
uv 0.289552 0.283928 0.241134 0.287165 0.222953 0.254681 0.287186 0.243823
f 8 12 25 26
uv 0.328996 0.282695 0.289552 0.283928 0.287186 0.243823 0.328689 0.242216
f 3 8 26 28
uv 0.367618 0.282406 0.328996 0.282695 0.328689 0.242216 0.392472 0.247519
f 7 4 29 30
uv 0.444176 0.300583 0.397476 0.293714 0.398233 0.271698 0.444221 0.269583
f 4 3 28 29
uv 0.397476 0.293714 0.367618 0.282406 0.392472 0.247519 0.398233 0.271698
f 23 24 21 22
uv 0.177554 0.238689 0.222953 0.254681 0.210027 0.277749 0.169501 0.276043
f 28 27 30 29
uv 0.392472 0.247519 0.432518 0.230452 0.444221 0.269583 0.398233 0.271698
f 27 28 31 32
uv 0.432518 0.230452 0.392472 0.247519 0.368350 0.192924 0.389124 0.175800
f 24 23 33 34
uv 0.222953 0.254681 0.177554 0.238689 0.219591 0.181863 0.242531 0.197410
f 28 26 35 31
uv 0.392472 0.247519 0.328689 0.242216 0.332526 0.155622 0.368350 0.192924
f 26 25 37 35
uv 0.328689 0.242216 0.287186 0.243823 0.280090 0.156809 0.332526 0.155622
f 32 31 35 36
uv 0.389124 0.175800 0.368350 0.192924 0.332526 0.155622 0.335990 0.135589
f 36 35 37 38
uv 0.335990 0.135589 0.332526 0.155622 0.280090 0.156809 0.277497 0.137260
f 38 37 34 33
uv 0.277497 0.137260 0.280090 0.156809 0.242531 0.197410 0.219591 0.181863
f 38 33 41 39
uv 0.277497 0.137260 0.219591 0.181863 0.138537 0.109822 0.261706 0.047035
f 36 38 39 40
uv 0.335990 0.135589 0.277497 0.137260 0.261706 0.047035 0.352229 0.050785
f 32 36 40 42
uv 0.389124 0.175800 0.335990 0.135589 0.352229 0.050785 0.466378 0.104429
f 33 23 45 41
uv 0.219591 0.181863 0.177554 0.238689 0.081737 0.219213 0.138537 0.109822
f 27 32 42 44
uv 0.432518 0.230452 0.389124 0.175800 0.466378 0.104429 0.527606 0.205535
f 30 27 44 43
uv 0.444221 0.269583 0.432518 0.230452 0.527606 0.205535 0.536816 0.265870
f 7 30 43 52
uv 0.444176 0.300583 0.444221 0.269583 0.536816 0.265870 0.532161 0.316144
f 23 22 46 45
uv 0.177554 0.238689 0.169501 0.276043 0.077007 0.275458 0.081737 0.219213
f 22 19 48 46
uv 0.169501 0.276043 0.169515 0.308673 0.086650 0.331824 0.077007 0.275458
f 20 16 49 47
uv 0.183869 0.335690 0.216761 0.365722 0.163558 0.437723 0.107740 0.384935
f 19 20 47 48
uv 0.169515 0.308673 0.183869 0.335690 0.107740 0.384935 0.086650 0.331824
f 16 13 50 49
uv 0.216761 0.365722 0.284877 0.388389 0.269604 0.485819 0.163558 0.437723
f 13 10 51 50
uv 0.284877 0.388389 0.342944 0.386073 0.364737 0.485819 0.269604 0.485819
f 10 6 53 51
uv 0.342944 0.386073 0.396259 0.362505 0.457584 0.448669 0.364737 0.485819
f 5 7 52 54
uv 0.432748 0.331109 0.444176 0.300583 0.532161 0.316144 0.519636 0.366979
f 6 5 54 53
uv 0.396259 0.362505 0.432748 0.331109 0.519636 0.366979 0.457584 0.448669
f 53 54 55 56
uv 0.889552 0.352649 0.947864 0.423412 0.863226 0.463094 0.829018 0.434028
f 54 52 57 55
uv 0.947864 0.423412 0.962805 0.468421 0.873322 0.489481 0.863226 0.463094
f 51 53 56 58
uv 0.807328 0.311199 0.889552 0.352649 0.829018 0.434028 0.779782 0.414888
f 50 51 58 59
uv 0.713042 0.302386 0.807328 0.311199 0.779782 0.414888 0.726128 0.411948
f 49 50 59 60
uv 0.592706 0.347011 0.713042 0.302386 0.726128 0.411948 0.663261 0.436834
f 48 47 62 61
uv 0.525699 0.472235 0.542894 0.418657 0.631661 0.465210 0.620853 0.492331
f 47 49 60 62
uv 0.542894 0.418657 0.592706 0.347011 0.663261 0.436834 0.631661 0.465210
f 46 48 61 63
uv 0.521484 0.527410 0.525699 0.472235 0.620853 0.492331 0.620829 0.522320
f 45 46 63 64
uv 0.528748 0.581985 0.521484 0.527410 0.620829 0.522320 0.628724 0.554697
f 52 43 66 57
uv 0.962805 0.468421 0.970893 0.514520 0.875319 0.517640 0.873322 0.489481
f 43 44 65 66
uv 0.970893 0.514520 0.967769 0.572422 0.866824 0.553717 0.875319 0.517640
f 44 42 67 65
uv 0.967769 0.572422 0.918775 0.679841 0.829571 0.607373 0.866824 0.553717
f 41 45 64 68
uv 0.586771 0.688954 0.528748 0.581985 0.628724 0.554697 0.671578 0.610130
f 42 40 69 67
uv 0.918775 0.679841 0.805307 0.753907 0.785572 0.642189 0.829571 0.607373
f 40 39 70 69
uv 0.805307 0.753907 0.711457 0.753907 0.723648 0.647253 0.785572 0.642189
f 39 41 68 70
uv 0.711457 0.753907 0.586771 0.688954 0.671578 0.610130 0.723648 0.647253
f 70 68 73 71
uv 0.723648 0.647253 0.671578 0.610130 0.694474 0.574480 0.730467 0.583445
f 69 70 71 72
uv 0.785572 0.642189 0.723648 0.647253 0.730467 0.583445 0.775681 0.581780
f 67 69 72 74
uv 0.829571 0.607373 0.785572 0.642189 0.775681 0.581780 0.807354 0.572315
f 68 64 79 73
uv 0.671578 0.610130 0.628724 0.554697 0.678519 0.537653 0.694474 0.574480
f 65 67 74 76
uv 0.866824 0.553717 0.829571 0.607373 0.807354 0.572315 0.821584 0.538224
f 66 65 76 75
uv 0.875319 0.517640 0.866824 0.553717 0.821584 0.538224 0.833718 0.517401
f 57 66 75 89
uv 0.873322 0.489481 0.875319 0.517640 0.833718 0.517401 0.835523 0.496483
f 64 63 80 79
uv 0.628724 0.554697 0.620829 0.522320 0.666457 0.518836 0.678519 0.537653
f 63 61 82 80
uv 0.620829 0.522320 0.620853 0.492331 0.661545 0.498768 0.666457 0.518836
f 62 60 83 81
uv 0.631661 0.465210 0.663261 0.436834 0.693579 0.480212 0.657951 0.473748
f 61 62 81 82
uv 0.620853 0.492331 0.631661 0.465210 0.657951 0.473748 0.661545 0.498768
f 60 59 86 83
uv 0.663261 0.436834 0.726128 0.411948 0.733225 0.479226 0.693579 0.480212
f 59 58 87 86
uv 0.726128 0.411948 0.779782 0.414888 0.769231 0.477718 0.733225 0.479226
f 58 56 91 87
uv 0.779782 0.414888 0.829018 0.434028 0.796097 0.478862 0.769231 0.477718
f 55 57 89 92
uv 0.863226 0.463094 0.873322 0.489481 0.835523 0.496483 0.835616 0.471215
f 56 55 92 91
uv 0.829018 0.434028 0.863226 0.463094 0.835616 0.471215 0.796097 0.478862
f 92 89 90 91
uv 0.835616 0.471215 0.835523 0.496483 0.804044 0.507310 0.796097 0.478862
f 91 90 88 87
uv 0.796097 0.478862 0.804044 0.507310 0.768263 0.509357 0.769231 0.477718
f 87 88 85 86
uv 0.769231 0.477718 0.768263 0.509357 0.734185 0.510359 0.733225 0.479226
f 86 85 84 83
uv 0.733225 0.479226 0.734185 0.510359 0.690404 0.509960 0.693579 0.480212
f 83 84 82 81
uv 0.693579 0.480212 0.690404 0.509960 0.661545 0.498768 0.657951 0.473748
f 82 84 79 80
uv 0.661545 0.498768 0.690404 0.509960 0.678519 0.537653 0.666457 0.518836
f 84 85 78 79
uv 0.690404 0.509960 0.734185 0.510359 0.733142 0.547664 0.678519 0.537653
f 85 88 77 78
uv 0.734185 0.510359 0.768263 0.509357 0.770658 0.546886 0.733142 0.547664
f 88 90 76 77
uv 0.768263 0.509357 0.804044 0.507310 0.821584 0.538224 0.770658 0.546886
f 90 89 75 76
uv 0.804044 0.507310 0.835523 0.496483 0.833718 0.517401 0.821584 0.538224
f 77 76 74 72
uv 0.770658 0.546886 0.821584 0.538224 0.807354 0.572315 0.775681 0.581780
f 78 77 72 71
uv 0.733142 0.547664 0.770658 0.546886 0.775681 0.581780 0.730467 0.583445
f 79 78 71 73
uv 0.678519 0.537653 0.733142 0.547664 0.730467 0.583445 0.694474 0.574480
f 24 34 37 25
uv 0.222953 0.254681 0.242531 0.197410 0.280090 0.156809 0.287186 0.243823
f 1 5 6 2
uv 0.406722 0.326316 0.432748 0.331109 0.396259 0.362505 0.370051 0.315886
